%YAML:1.0
R: !!opencv-matrix
   rows: 3
   cols: 3
   dt: d
   data: [ 9.9971040744356110e-01, -2.4041713020070493e-02,
       -1.0475132885520945e-03, 2.4022475836369885e-02,
       9.9958982447844102e-01, -1.5591775198816290e-02,
       1.4219366090460167e-03, 1.5562096074114526e-02,
       9.9987789217586953e-01 ]
T: !!opencv-matrix
   rows: 3
   cols: 1
   dt: d
   data: [ -1.0453193477861106e+01, -1.6237177544341108e-01,
       1.0411255668471711e+00 ]
R1: !!opencv-matrix
   rows: 3
   cols: 3
   dt: d
   data: [ 9.9490001594489741e-01, -1.0014079515807324e-02,
       -1.0036770638155498e-01, 9.2924078554730630e-03,
       9.9992752174610444e-01, -7.6552211556186840e-03,
       1.0043709189881241e-01, 6.6835219865709703e-03,
       9.9492096224009907e-01 ]
R2: !!opencv-matrix
   rows: 3
   cols: 3
   dt: d
   data: [ 9.9495779243793414e-01, 1.5454900322237281e-02,
       -9.9096606011822422e-02, -1.4742234729470394e-02,
       9.9985996108387654e-01, 7.9198949822561777e-03,
       9.9205129818038376e-02, -6.4190558011657456e-03,
       9.9504629939536371e-01 ]
P1: !!opencv-matrix
   rows: 3
   cols: 4
   dt: d
   data: [ 1.3525144375511668e+03, 0., 1.5301967620849609e+03, 0., 0.,
       1.3525144375511668e+03, 9.2255532836914062e+02, 0., 0., 0., 1.,
       0. ]
P2: !!opencv-matrix
   rows: 3
   cols: 4
   dt: d
   data: [ 1.3525144375511668e+03, 0., 1.5301967620849609e+03,
       -1.4209743573825801e+04, 0., 1.3525144375511668e+03,
       9.2255532836914062e+02, 0., 0., 0., 1., 0. ]
Q: !!opencv-matrix
   rows: 4
   cols: 4
   dt: d
   data: [ 1., 0., 0., -1.5301967620849609e+03, 0., 1., 0.,
       -9.2255532836914062e+02, 0., 0., 0., 1.3525144375511668e+03, 0.,
       0., 9.5182184711797638e-02, 0. ]
roi1: [ 141, 167, 2307, 1577 ]
roi2: [ 169, 157, 2291, 1577 ]
