%YAML:1.0
R: !!opencv-matrix
   rows: 3
   cols: 3
   dt: d
   data: [ 9.9990838801605975e-01, -9.9815047766658328e-03,
       9.1424907721221714e-03, 9.9934297612683191e-03,
       9.9994927110683207e-01, -1.2595929984719266e-03,
       -9.1294543501536027e-03, 1.3508424440326259e-03,
       9.9995741323716369e-01 ]
T: !!opencv-matrix
   rows: 3
   cols: 1
   dt: d
   data: [ -5.7844198408637411e+00, 1.9279572935381850e-02,
       -5.3278508469315966e-01 ]
R1: !!opencv-matrix
   rows: 3
   cols: 3
   dt: d
   data: [ 9.9481774377796761e-01, -1.3134262875772939e-02,
       1.0082235765555315e-01, 1.3222461396095602e-02,
       9.9991255810289348e-01, -2.0654964661974293e-04,
       -1.0081082867997340e-01, 1.5385989853922556e-03,
       9.9490442231101739e-01 ]
R2: !!opencv-matrix
   rows: 3
   cols: 3
   dt: d
   data: [ 9.9577947373292308e-01, -3.3189504772398641e-03,
       9.1718178459412908e-02, 3.2387297069855284e-03,
       9.9999423155327793e-01, 1.0234696157551996e-03,
       -9.1721046232956682e-02, -7.2209964611127768e-04,
       9.9578447881558840e-01 ]
P1: !!opencv-matrix
   rows: 3
   cols: 4
   dt: d
   data: [ 7.7193543864238302e+02, 0., 2.3400251197814941e+02, 0., 0.,
       7.7193543864238302e+02, 2.4814953422546387e+02, 0., 0., 0., 1.,
       0. ]
P2: !!opencv-matrix
   rows: 3
   cols: 4
   dt: d
   data: [ 7.7193543864238302e+02, 0., 2.3400251197814941e+02,
       -4.4841240304040075e+03, 0., 7.7193543864238302e+02,
       2.4814953422546387e+02, 0., 0., 0., 1., 0. ]
Q: !!opencv-matrix
   rows: 4
   cols: 4
   dt: d
   data: [ 1., 0., 0., -2.3400251197814941e+02, 0., 1., 0.,
       -2.4814953422546387e+02, 0., 0., 0., 7.7193543864238302e+02, 0.,
       0., 1.7214854749966266e-01, 0. ]
roi1: [ 15, 16, 606, 437 ]
roi2: [ 7, 22, 613, 440 ]
