%YAML:1.0
R: !!opencv-matrix
   rows: 3
   cols: 3
   dt: d
   data: [ 9.9978334765912746e-001, -2.0322381109606880e-002,
       -4.5009520708491580e-003, 2.0254574215886390e-002,
       9.9968780374531707e-001, -1.4630354274503014e-002,
       4.7968705258051485e-003, 1.4536019706240489e-002,
       9.9988284021892204e-001 ]
T: !!opencv-matrix
   rows: 3
   cols: 1
   dt: d
   data: [ -1.0604225876511073e+001, -5.1211465647629950e-001,
       8.7554024983577960e-001 ]
R1: !!opencv-matrix
   rows: 3
   cols: 3
   dt: d
   data: [ 9.9582031281818195e-001, 2.6634257963294373e-002,
       -8.7364299810865756e-002, -2.7229235054033605e-002,
       9.9961338673196809e-001, -5.6254621692149627e-003,
       8.7180693602828915e-002, 7.9808125519756235e-003,
       9.9616054594324288e-001 ]
R2: !!opencv-matrix
   rows: 3
   cols: 3
   dt: d
   data: [ 9.9545651700157189e-001, 4.8074029936552076e-002,
       -8.2190087022454700e-002, -4.7512540048351037e-002,
       9.9883209711874910e-001, 8.7749816817881288e-003,
       8.2515945715073896e-002, -4.8300529004735668e-003,
       9.9657803973985171e-001 ]
P1: !!opencv-matrix
   rows: 3
   cols: 4
   dt: d
   data: [ 1.3280939489843608e+003, 0., 1.4887514801025391e+003, 0., 0.,
       1.3280939489843608e+003, 9.1862915039062500e+002, 0., 0., 0., 1.,
       0. ]
P2: !!opencv-matrix
   rows: 3
   cols: 4
   dt: d
   data: [ 1.3280939489843608e+003, 0., 1.4887514801025391e+003,
       -1.4147688000153497e+004, 0., 1.3280939489843608e+003,
       9.1862915039062500e+002, 0., 0., 0., 1., 0. ]
Q: !!opencv-matrix
   rows: 4
   cols: 4
   dt: d
   data: [ 1., 0., 0., -1.4887514801025391e+003, 0., 1., 0.,
       -9.1862915039062500e+002, 0., 0., 0., 1.3280939489843608e+003, 0.,
       0., 9.3873567820406525e-002, 0. ]
roi1: [ 190, 133, 2221, 1562 ]
roi2: [ 230, 124, 2180, 1565 ]
