%YAML:1.0
Camera Matrix: !!opencv-matrix
   rows: 3
   cols: 3
   dt: d
   data: [ 1.5166769954462809e+03, 0., 1.2586727714417818e+03, 0.,
       1.5241775415410179e+03, 9.2933750217419856e+02, 0., 0., 1. ]
Distortion Coefficients: !!opencv-matrix
   rows: 8
   cols: 1
   dt: d
   data: [ 7.5996187848344754e-01, -7.7535298890967025e-02, 0., 0.,
       6.9342320705736444e-03, 1.1322779374544791e+00, 0., 0. ]
