%YAML:1.0
Camera Matrix: !!opencv-matrix
   rows: 3
   cols: 3
   dt: d
   data: [ 1.5164340743027287e+03, 0., 1.2758356636444291e+03, 0.,
       1.5238844462325546e+03, 9.1711858393672549e+02, 0., 0., 1. ]
Distortion Coefficients: !!opencv-matrix
   rows: 8
   cols: 1
   dt: d
   data: [ 7.7767177353365469e-01, -8.2957913065225250e-02, 0., 0.,
       8.1865050953386781e-03, 1.1479370689165820e+00, 0., 0. ]
