%YAML:1.0
R: !!opencv-matrix
   rows: 3
   cols: 3
   dt: d
   data: [ 9.9969557836864431e-01, -2.4653204580172058e-02,
       -9.8493355611193310e-04, 2.4634212979190783e-02,
       9.9956739681107809e-01, -1.6067818247060932e-02,
       1.3806306811164975e-03, 1.6038663792626223e-02,
       9.9987041916573838e-01 ]
T: !!opencv-matrix
   rows: 3
   cols: 1
   dt: d
   data: [ -1.0432178228304551e+01, -6.6650287213434467e-02,
       6.4158482240162584e-01 ]
R1: !!opencv-matrix
   rows: 3
   cols: 3
   dt: d
   data: [ 9.9786239185479653e-01, -1.9216742421967043e-02,
       -6.2460897628133012e-02, 1.8738499047642552e-02,
       9.9979051691844689e-01, -8.2335249672431127e-03,
       6.2606034655341689e-02, 7.0455014464897272e-03,
       9.9801344947555781e-01 ]
R2: !!opencv-matrix
   rows: 3
   cols: 3
   dt: d
   data: [ 9.9809389507391166e-01, 6.3767358375990584e-03,
       -6.1383335330077997e-02, -5.9071360326885397e-03,
       9.9995190731173034e-01, 7.8287168504057297e-03,
       6.1430304899769458e-02, -7.4511947827173176e-03,
       9.9808356230138939e-01 ]
P1: !!opencv-matrix
   rows: 3
   cols: 4
   dt: d
   data: [ 3.4734138423494932e+02, 0., 3.5710928726196289e+02, 0., 0.,
       3.4734138423494932e+02, 2.3048956108093262e+02, 0., 0., 0., 1.,
       0. ]
P2: !!opencv-matrix
   rows: 3
   cols: 4
   dt: d
   data: [ 3.4734138423494932e+02, 0., 3.5710928726196289e+02,
       -3.6304472397726381e+03, 0., 3.4734138423494932e+02,
       2.3048956108093262e+02, 0., 0., 0., 1., 0. ]
Q: !!opencv-matrix
   rows: 4
   cols: 4
   dt: d
   data: [ 1., 0., 0., -3.5710928726196289e+02, 0., 1., 0.,
       -2.3048956108093262e+02, 0., 0., 0., 3.4734138423494932e+02, 0.,
       0., 9.5674544014776000e-02, 0. ]
roi1: [ 29, 34, 581, 416 ]
roi2: [ 32, 32, 586, 416 ]
